A = [3 -2 2; 1 1 1; 2 1 -1]
b = [-3; -4; -3]
